elaborate
0000000000000000000000000
1000000000000000000000000
1100000000000000000000000
1011000000000000000000000
1011101000000000000000000
1011101100000000000000000
1011101011000000000000000
1011101010100000000000000
1011101011100000000000000
1010010000000000000000000
1011110000010000000000000
1011110000011000000000000
1011110000010100000000000
1011110000010010000000000
1011110000010110000000000
1011110000000001000000000
1011110000000000100000000
1011110000000001100000000
1010000000000000010000000
0000000000000000001000000
0000000000000000000100000
0000000000000000001110000
0000000000000000000001000
0000000000000000001000100
0000000000000000001000101
0000000000000000001000110
