multidata
000010111001010010010000001000
000010111000010010000010000000
000010111000010010000000000000
101100000010101101010000001000
010011000000000010001000000000
000010111100010010000000000000
000011000000000010100000100000
101100000010001101010000001000
101100000010001101010000001000
000000000010101101010000001010
000010111000010010000000000000
000010000000010010000001000000
000011000000010010000000010000
000011000000000010100000100000
000010111000010010000000000000
000010111100010010000000000000
000010111000010010000000000001
000011000000000010100000100000
000010111000010010000000000000
000011000000010010000100010100
